"PATTONSBURG MO - MURPHY-BROWN, LLC - Corn Basis"
"Week
","2018
","2017
","2016
"
1,,-0.3475,
2,-0.4,-0.3525,
3,-0.395,-0.3525,-0.2
4,-0.4025,-0.3475,-0.2
5,-0.4025,-0.3525,-0.2025
6,-0.3975,-0.3775,-0.205
7,-0.345,-0.4375,-0.2025
8,-0.4225,-0.44,-0.195
9,-0.4175,-0.49,-0.2025
10,-0.42,-0.4925,-0.2025
11,-0.425,-0.495,-0.28
12,-0.4,-0.4363,-0.275
13,-0.4,-0.3475,-0.2875
14,-0.4,-0.4,-0.2775
15,-0.395,-0.4475,-0.2475
16,-0.45,-0.45,-0.255
17,-0.4475,-0.4975,-0.295
18,-0.4525,-0.5025,-0.3475
19,-0.455,-0.505,-0.3475
20,-0.3535,-0.5013,-0.3525
21,-0.35,-0.375,-0.38
22,-0.3525,-0.45,-0.3788
23,-0.355,-0.4475,-0.375
24,-0.4025,-0.4475,-0.38
25,-0.35,-0.55,-0.375
26,-0.3025,-0.555,-0.3775
27,-0.2025,-0.545,-0.4
28,-0.2,-0.5475,-0.415
29,-0.2025,-0.485,-0.4425
30,-0.245,-0.4525,-0.48
31,-0.2038,-0.395,-0.6025
32,-0.3525,-0.3375,-0.4975
33,-0.255,-0.42,-0.5
34,,-0.415,-0.5625
35,,-0.42,-0.4975
36,,-0.42,-0.49
37,,-0.4225,-0.495
38,,-0.42,-0.5
39,,-0.455,-0.5025
40,,-0.45,-0.4975
41,,-0.4025,-0.505
42,,-0.4025,-0.4975
43,,-0.3825,-0.44
44,,-0.3813,-0.435
45,,-0.4475,-0.4425
46,,-0.4,-0.4425
47,,-0.4025,
48,,-0.3975,
